30 0.6
31 0.633333333333
32 0.633333333333
33 0.666666666667
34 0.666666666667
35 0.633333333333
36 0.666666666667
37 0.633333333333
38 0.666666666667
39 0.633333333333
40 0.633333333333
41 0.6
42 0.633333333333
43 0.6
44 0.6
45 0.6
46 0.6
47 0.566666666667
48 0.566666666667
49 0.566666666667
50 0.566666666667
51 0.566666666667
52 0.566666666667
53 0.533333333333
54 0.533333333333
55 0.5
56 0.5
57 0.466666666667
58 0.466666666667
59 0.466666666667
60 0.466666666667
61 0.433333333333
62 0.433333333333
63 0.4
64 0.4
65 0.433333333333
66 0.4
67 0.433333333333
68 0.433333333333
69 0.466666666667
70 0.433333333333
71 0.433333333333
72 0.433333333333
73 0.466666666667
74 0.5
75 0.5
76 0.466666666667
77 0.466666666667
78 0.466666666667
79 0.5
80 0.5
81 0.466666666667
82 0.433333333333
83 0.433333333333
84 0.433333333333
85 0.433333333333
86 0.433333333333
87 0.466666666667
88 0.466666666667
89 0.466666666667
90 0.466666666667
91 0.5
92 0.466666666667
93 0.466666666667
94 0.466666666667
95 0.433333333333
96 0.466666666667
97 0.466666666667
98 0.433333333333
99 0.433333333333
100 0.466666666667
101 0.5
102 0.466666666667
103 0.433333333333
104 0.433333333333
105 0.433333333333
106 0.433333333333
107 0.466666666667
108 0.466666666667
109 0.433333333333
110 0.466666666667
111 0.466666666667
112 0.466666666667
113 0.5
114 0.533333333333
115 0.533333333333
116 0.5
117 0.466666666667
118 0.433333333333
119 0.433333333333
120 0.4
121 0.4
122 0.433333333333
123 0.466666666667
124 0.466666666667
125 0.5
126 0.466666666667
127 0.466666666667
128 0.466666666667
129 0.433333333333
130 0.433333333333
131 0.433333333333
132 0.466666666667
133 0.466666666667
134 0.433333333333
135 0.433333333333
136 0.466666666667
137 0.466666666667
138 0.466666666667
139 0.5
140 0.466666666667
141 0.5
142 0.533333333333
143 0.5
144 0.466666666667
145 0.466666666667
146 0.466666666667
147 0.5
148 0.5
149 0.5
150 0.5
151 0.466666666667
152 0.433333333333
153 0.433333333333
154 0.466666666667
155 0.466666666667
156 0.5
157 0.466666666667
158 0.466666666667
159 0.5
160 0.466666666667
161 0.466666666667
162 0.433333333333
163 0.433333333333
164 0.466666666667
165 0.5
166 0.5
167 0.466666666667
168 0.466666666667
169 0.433333333333
170 0.433333333333
171 0.4
172 0.4
173 0.433333333333
174 0.433333333333
175 0.466666666667
176 0.5
177 0.466666666667
178 0.5
179 0.5
180 0.533333333333
181 0.566666666667
182 0.6
183 0.566666666667
184 0.533333333333
185 0.533333333333
186 0.5
187 0.5
188 0.5
189 0.5
190 0.5
191 0.466666666667
192 0.466666666667
193 0.5
194 0.5
195 0.466666666667
196 0.433333333333
197 0.466666666667
198 0.466666666667
199 0.466666666667
200 0.466666666667
201 0.5
202 0.466666666667
203 0.433333333333
204 0.466666666667
205 0.466666666667
206 0.433333333333
207 0.433333333333
208 0.433333333333
209 0.433333333333
210 0.433333333333
211 0.433333333333
212 0.4
213 0.4
214 0.4
215 0.4
216 0.4
217 0.433333333333
218 0.433333333333
219 0.433333333333
220 0.466666666667
221 0.5
222 0.5
223 0.5
224 0.5
225 0.533333333333
226 0.566666666667
227 0.566666666667
228 0.566666666667
229 0.6
230 0.633333333333
231 0.633333333333
232 0.633333333333
233 0.633333333333
234 0.6
235 0.566666666667
236 0.566666666667
237 0.566666666667
238 0.533333333333
239 0.533333333333
240 0.5
241 0.5
242 0.5
243 0.533333333333
244 0.533333333333
245 0.5
246 0.5
247 0.466666666667
248 0.466666666667
249 0.433333333333
250 0.4
251 0.366666666667
252 0.366666666667
253 0.333333333333
254 0.3
255 0.3
256 0.266666666667
257 0.233333333333
258 0.2
259 0.2
260 0.166666666667
261 0.133333333333
262 0.133333333333
263 0.166666666667
264 0.2
265 0.2
266 0.233333333333
267 0.266666666667
268 0.266666666667
269 0.266666666667
270 0.3
271 0.3
272 0.333333333333
273 0.3
274 0.333333333333
275 0.333333333333
276 0.333333333333
277 0.366666666667
278 0.4
279 0.4
280 0.4
281 0.4
282 0.4
283 0.4
284 0.4
285 0.366666666667
286 0.4
287 0.4
288 0.4
289 0.4
290 0.433333333333
291 0.466666666667
292 0.466666666667
293 0.466666666667
294 0.466666666667
295 0.5
296 0.466666666667
297 0.433333333333
298 0.466666666667
299 0.5
300 0.5
301 0.5
302 0.466666666667
303 0.466666666667
304 0.433333333333
305 0.433333333333
306 0.466666666667
307 0.433333333333
308 0.433333333333
309 0.433333333333
310 0.466666666667
311 0.466666666667
312 0.466666666667
313 0.5
314 0.533333333333
315 0.533333333333
316 0.533333333333
317 0.533333333333
318 0.533333333333
319 0.533333333333
320 0.5
321 0.466666666667
322 0.5
323 0.5
324 0.466666666667
325 0.466666666667
326 0.5
327 0.5
328 0.5
329 0.466666666667
330 0.433333333333
331 0.433333333333
332 0.433333333333
333 0.433333333333
334 0.433333333333
335 0.466666666667
336 0.433333333333
337 0.466666666667
338 0.433333333333
339 0.466666666667
340 0.466666666667
341 0.466666666667
342 0.466666666667
343 0.466666666667
344 0.433333333333
345 0.433333333333
346 0.4
347 0.4
348 0.4
349 0.366666666667
350 0.366666666667
351 0.366666666667
352 0.366666666667
353 0.333333333333
354 0.366666666667
355 0.366666666667
356 0.333333333333
357 0.366666666667
358 0.333333333333
359 0.366666666667
360 0.4
361 0.4
362 0.433333333333
363 0.466666666667
364 0.5
365 0.5
366 0.5
367 0.5
368 0.5
369 0.5
370 0.466666666667
371 0.5
372 0.5
373 0.466666666667
374 0.466666666667
375 0.5
376 0.533333333333
377 0.533333333333
378 0.533333333333
379 0.533333333333
380 0.533333333333
381 0.533333333333
382 0.5
383 0.533333333333
384 0.533333333333
385 0.533333333333
386 0.533333333333
387 0.533333333333
388 0.533333333333
389 0.5
390 0.466666666667
391 0.433333333333
392 0.433333333333
393 0.4
394 0.366666666667
395 0.366666666667
396 0.366666666667
397 0.333333333333
398 0.366666666667
399 0.333333333333
400 0.333333333333
401 0.333333333333
402 0.333333333333
403 0.366666666667
404 0.366666666667
405 0.366666666667
406 0.366666666667
407 0.366666666667
408 0.366666666667
409 0.366666666667
410 0.366666666667
411 0.4
412 0.433333333333
413 0.433333333333
414 0.433333333333
415 0.433333333333
416 0.433333333333
417 0.4
418 0.433333333333
419 0.466666666667
420 0.5
421 0.5
422 0.466666666667
423 0.466666666667
424 0.466666666667
425 0.433333333333
426 0.433333333333
427 0.466666666667
428 0.466666666667
429 0.466666666667
430 0.466666666667
431 0.433333333333
432 0.433333333333
433 0.433333333333
434 0.433333333333
435 0.4
436 0.366666666667
437 0.366666666667
438 0.4
439 0.4
440 0.433333333333
441 0.433333333333
442 0.4
443 0.366666666667
444 0.333333333333
445 0.333333333333
446 0.366666666667
447 0.366666666667
448 0.366666666667
449 0.333333333333
450 0.333333333333
451 0.333333333333
452 0.333333333333
453 0.333333333333
454 0.333333333333
455 0.333333333333
456 0.366666666667
457 0.333333333333
458 0.3
459 0.333333333333
460 0.333333333333
461 0.333333333333
462 0.333333333333
463 0.3
464 0.333333333333
465 0.333333333333
466 0.333333333333
467 0.333333333333
468 0.3
469 0.333333333333
470 0.333333333333
471 0.3
472 0.3
473 0.333333333333
474 0.366666666667
475 0.333333333333
476 0.333333333333
477 0.366666666667
478 0.366666666667
479 0.366666666667
480 0.366666666667
481 0.4
482 0.4
483 0.4
484 0.4
485 0.4
486 0.4
487 0.433333333333
488 0.433333333333
489 0.4
490 0.4
491 0.433333333333
492 0.433333333333
493 0.466666666667
494 0.433333333333
495 0.433333333333
496 0.466666666667
497 0.466666666667
498 0.466666666667
499 0.433333333333
500 0.4
501 0.4
502 0.433333333333
503 0.433333333333
504 0.4
505 0.433333333333
506 0.4
507 0.4
508 0.366666666667
509 0.366666666667
510 0.333333333333
511 0.3
512 0.3
513 0.3
514 0.3
515 0.3
516 0.266666666667
517 0.233333333333
518 0.266666666667
519 0.3
520 0.333333333333
521 0.3
522 0.3
523 0.266666666667
524 0.3
525 0.3
526 0.266666666667
527 0.3
528 0.333333333333
529 0.366666666667
530 0.366666666667
531 0.366666666667
532 0.366666666667
533 0.333333333333
534 0.333333333333
535 0.3
536 0.333333333333
537 0.333333333333
538 0.333333333333
539 0.333333333333
540 0.333333333333
541 0.333333333333
542 0.366666666667
543 0.366666666667
544 0.366666666667
545 0.4
546 0.4
547 0.433333333333
548 0.4
549 0.366666666667
550 0.366666666667
551 0.366666666667
552 0.366666666667
553 0.4
554 0.4
555 0.4
556 0.433333333333
557 0.4
558 0.366666666667
559 0.333333333333
560 0.333333333333
561 0.333333333333
562 0.333333333333
563 0.333333333333
564 0.366666666667
565 0.366666666667
566 0.366666666667
567 0.333333333333
568 0.366666666667
569 0.4
570 0.4
571 0.433333333333
572 0.433333333333
573 0.433333333333
574 0.433333333333
575 0.433333333333
576 0.433333333333
577 0.4
578 0.433333333333
579 0.466666666667
580 0.466666666667
581 0.5
582 0.533333333333
583 0.533333333333
584 0.5
585 0.533333333333
586 0.533333333333
587 0.533333333333
588 0.533333333333
589 0.566666666667
590 0.566666666667
591 0.6
592 0.566666666667
593 0.566666666667
594 0.533333333333
595 0.566666666667
596 0.533333333333
597 0.533333333333
598 0.5
599 0.5
600 0.533333333333
601 0.5
602 0.5
603 0.5
604 0.5
605 0.5
606 0.533333333333
607 0.566666666667
608 0.533333333333
609 0.533333333333
610 0.533333333333
611 0.533333333333
612 0.5
613 0.5
614 0.533333333333
615 0.533333333333
616 0.533333333333
617 0.533333333333
618 0.566666666667
619 0.533333333333
620 0.566666666667
621 0.533333333333
622 0.566666666667
623 0.6
624 0.6
625 0.566666666667
626 0.6
627 0.6
628 0.6
629 0.6
630 0.6
631 0.6
632 0.6
633 0.633333333333
634 0.666666666667
635 0.666666666667
636 0.633333333333
637 0.633333333333
638 0.633333333333
639 0.6
640 0.6
641 0.6
642 0.6
643 0.566666666667
644 0.533333333333
645 0.5
646 0.5
647 0.533333333333
648 0.533333333333
649 0.566666666667
650 0.566666666667
651 0.6
652 0.6
653 0.6
654 0.6
655 0.6
656 0.566666666667
657 0.6
658 0.6
659 0.6
660 0.566666666667
661 0.566666666667
662 0.566666666667
663 0.566666666667
664 0.533333333333
665 0.5
666 0.5
667 0.5
668 0.5
669 0.5
670 0.466666666667
671 0.466666666667
672 0.466666666667
673 0.466666666667
674 0.466666666667
675 0.5
676 0.466666666667
677 0.433333333333
678 0.433333333333
679 0.4
680 0.366666666667
681 0.333333333333
682 0.3
683 0.3
684 0.333333333333
685 0.333333333333
686 0.366666666667
687 0.366666666667
688 0.366666666667
689 0.366666666667
690 0.4
691 0.4
692 0.366666666667
693 0.333333333333
694 0.333333333333
695 0.333333333333
696 0.333333333333
697 0.333333333333
698 0.333333333333
699 0.333333333333
700 0.366666666667
701 0.333333333333
702 0.366666666667
703 0.366666666667
704 0.4
705 0.366666666667
706 0.366666666667
707 0.366666666667
708 0.333333333333
709 0.333333333333
710 0.366666666667
711 0.4
712 0.4
713 0.366666666667
714 0.333333333333
715 0.333333333333
716 0.3
717 0.266666666667
718 0.266666666667
719 0.233333333333
720 0.2
721 0.2
722 0.233333333333
723 0.233333333333
724 0.266666666667
725 0.266666666667
726 0.266666666667
727 0.266666666667
728 0.266666666667
729 0.266666666667
730 0.233333333333
731 0.233333333333
732 0.233333333333
733 0.233333333333
734 0.233333333333
735 0.266666666667
736 0.266666666667
737 0.266666666667
738 0.3
739 0.3
740 0.266666666667
741 0.266666666667
742 0.266666666667
743 0.266666666667
744 0.3
745 0.3
746 0.333333333333
747 0.333333333333
748 0.333333333333
749 0.366666666667
750 0.366666666667
751 0.366666666667
752 0.333333333333
753 0.333333333333
754 0.333333333333
755 0.333333333333
756 0.333333333333
757 0.3
758 0.333333333333
759 0.333333333333
760 0.333333333333
761 0.366666666667
762 0.366666666667
763 0.366666666667
764 0.333333333333
765 0.333333333333
766 0.333333333333
767 0.333333333333
768 0.3
769 0.333333333333
770 0.333333333333
771 0.3
772 0.3
773 0.3
774 0.3
775 0.333333333333
776 0.3
777 0.333333333333
778 0.333333333333
779 0.3
780 0.333333333333
781 0.333333333333
782 0.333333333333
783 0.333333333333
784 0.3
785 0.333333333333
786 0.366666666667
787 0.366666666667
788 0.333333333333
789 0.366666666667
790 0.4
791 0.366666666667
792 0.366666666667
793 0.366666666667
794 0.4
795 0.366666666667
796 0.4
797 0.4
798 0.4
799 0.366666666667
800 0.4
801 0.433333333333
802 0.433333333333
803 0.433333333333
804 0.433333333333
805 0.4
806 0.4
807 0.4
808 0.433333333333
809 0.466666666667
810 0.466666666667
811 0.5
812 0.5
813 0.5
814 0.5
815 0.5
816 0.466666666667
817 0.5
818 0.5
819 0.5
820 0.5
821 0.5
822 0.466666666667
823 0.466666666667
824 0.466666666667
825 0.466666666667
826 0.433333333333
827 0.433333333333
828 0.466666666667
829 0.5
830 0.466666666667
831 0.466666666667
832 0.5
833 0.533333333333
834 0.5
835 0.5
836 0.5
837 0.5
838 0.466666666667
839 0.466666666667
840 0.466666666667
841 0.433333333333
842 0.466666666667
843 0.5
844 0.5
845 0.466666666667
846 0.466666666667
847 0.466666666667
848 0.5
849 0.5
850 0.466666666667
851 0.466666666667
852 0.466666666667
853 0.466666666667
854 0.433333333333
855 0.433333333333
856 0.466666666667
857 0.466666666667
858 0.433333333333
859 0.433333333333
860 0.433333333333
861 0.4
862 0.366666666667
863 0.333333333333
864 0.366666666667
865 0.4
866 0.433333333333
867 0.4
868 0.433333333333
869 0.4
870 0.4
871 0.433333333333
872 0.4
873 0.4
874 0.4
875 0.4
876 0.433333333333
877 0.4
878 0.4
879 0.4
880 0.4
881 0.4
882 0.433333333333
883 0.433333333333
884 0.433333333333
885 0.433333333333
886 0.433333333333
887 0.433333333333
888 0.433333333333
889 0.433333333333
890 0.466666666667
891 0.5
892 0.5
893 0.5
894 0.466666666667
895 0.466666666667
896 0.466666666667
897 0.466666666667
898 0.466666666667
899 0.466666666667
900 0.466666666667
901 0.433333333333
902 0.466666666667
903 0.433333333333
904 0.466666666667
905 0.5
906 0.466666666667
907 0.466666666667
908 0.433333333333
909 0.433333333333
910 0.433333333333
911 0.433333333333
912 0.4
913 0.433333333333
914 0.433333333333
915 0.466666666667
916 0.433333333333
917 0.433333333333
918 0.433333333333
919 0.433333333333
920 0.4
921 0.366666666667
922 0.366666666667
923 0.4
924 0.4
925 0.4
926 0.4
927 0.4
928 0.4
929 0.433333333333
930 0.4
931 0.433333333333
932 0.433333333333
933 0.466666666667
934 0.466666666667
935 0.466666666667
936 0.466666666667
937 0.466666666667
938 0.5
939 0.5
940 0.533333333333
941 0.533333333333
942 0.533333333333
943 0.533333333333
944 0.533333333333
945 0.5
946 0.533333333333
947 0.566666666667
948 0.6
949 0.6
950 0.633333333333
951 0.633333333333
952 0.666666666667
953 0.633333333333
954 0.666666666667
955 0.633333333333
956 0.6
957 0.633333333333
958 0.633333333333
959 0.633333333333
960 0.633333333333
961 0.633333333333
962 0.633333333333
963 0.6
964 0.6
965 0.566666666667
966 0.566666666667
967 0.6
968 0.6
969 0.6
970 0.566666666667
971 0.566666666667
972 0.566666666667
973 0.533333333333
974 0.533333333333
975 0.533333333333
976 0.5
977 0.5
978 0.5
979 0.466666666667
980 0.433333333333
981 0.433333333333
982 0.433333333333
983 0.433333333333
984 0.433333333333
985 0.466666666667
986 0.5
987 0.5
988 0.5
989 0.5
990 0.533333333333
991 0.5
992 0.5
993 0.5
994 0.466666666667
995 0.466666666667
996 0.5
997 0.466666666667
998 0.466666666667
999 0.433333333333
1000 0.433333333333
